noktax
247
247
247
247
247
247
247
247
247
247
247
247
247
247
247
247
247
247
247
247
247
247
247
247
247
247
247
247
247
247
247
247
247
247
247
247
247
247
247
247
247
247
247
247
247
247
247
247
248
249
249
249
250
251
251
252
252
253
253
253
254
254
255
255
256
256
258
260
261
261
263
263
263
263
264
264
265
266
267
267
268
268
270
270
270
270
270
270
270
271
272
273
274
275
276
276
276
278
278
278
278
282
282
282
283
284
284
284
284
284
286
286
286
288
288
288
288
288
288
288
288
289
290
291
291
291
292
292
292
293
293
293
293
294
294
295
295
295
295
295
296
296
298
298
298
298
298
298
298
299
299
300
301
301
301
301
301
301
301
301
301
301
301
301
301
301
301
301
301
301
301
301
301
301
301
301
301
301
301
301
301
301
301
301
301
301
301
301
301
301
301
301
300
300
300
300
300
300
300
300
299
299
299
299
299
299
299
299
299
299
299
299
299
299
298
298
297
297
297
297
297
297
297
297
297
297
297
297
297
297
296
296
296
296
295
295
295
295
295
295
295
295
295
295
295
294
294
294
294
294
294
294
294
293
293
292
292
292
292
292
292
292
292
292
292
292
292
292
292
291
291
291
291
291
291
291
291
291
291
290
290
290
290
290
290
290
290
290
290
290
290
290
289
289
289
289
289
289
289
289
289
289
289
288
288
288
288
288
288
288
288
288
288
288
288
288
288
288
288
288
288
288
288
288
288
288
288
288
287
287
287
287
287
287
287
287
287
287
287
287
286
286
286
286
286
285
285
285
285
285
285
285
285
284
284
284
284
284
284
283
283
283
283
283
282
282
281
281
281
281
281
281
281
280
280
280
280
280
280
280
280
280
280
280
280
280
280
280
280
280
280
280
280
280
280
279
279
279
279
279
279
279
279
279
279
279
279
279
279
279
279
278
278
278
278
278
278
278
278
278
278
277
277
276
276
276
276
276
276
276
275
275
275
275
275
273
272
272
271
269
268
267
267
266
265
264
264
264
264
264
263
263
262
262
262
261
260
260
260
260
260
260
260
260
260
260
259
259
259
258
258
258
258
258
258
256
256
256
256
256
255
255
254
253
253
253
252
252
252
252
252
252
252
252
252
252
252
252
252
252
252
252
252
252
252
252
252
252
252
252
252
252
252
252
252
252
244
244
244
244
244
244
244
244
244
244
244
244
244
244
244
244
244
244
244
244
244
244
244
244
244
244
244
244
244
244
244
244
244
244
244
244
244
244
244
244
244
242
242
242
242
242
240
240
240
240
240
238
238
238
238
238
238
237
237
237
236
235
235
235
235
234
234
234
233
233
232
232
231
231
229
229
228
228
228
228
226
225
225
224
224
222
221
221
219
219
218
216
215
213
213
212
212
210
209
209
208
205
204
202
200
199
196
195
195
193
193
192
190
190
189
188
188
188
187
186
186
186
185
185
185
185
183
183
183
183
183
182
182
181
181
181
180
179
179
179
177
177
177
177
176
175
175
175
173
173
172
172
172
171
171
171
170
170
170
169
168
168
168
168
168
168
167
166
166
166
166
166
166
166
166
166
166
166
166
166
166
166
166
166
166
166
166
166
166
166
166
166
166
166
166
166
166
167
167
169
170
170
171
172
172
174
174
175
176
176
178
178
179
179
180
180
182
184
185
186
187
188
188
189
189
189
191
191
191
192
192
194
194
195
195
195
196
196
197
197
198
198
199
200
201
201
202
203
203
204
205
205
206
207
207
207
209
210
210
212
213
213
214
214
215
215
217
217
219
220
220
220
221
222
225
225
226
228
228
229
231
232
232
233
234
236
237
238
238
239
239
240
241
241
241
242
243
243
244
244
244
244
245
245
245
246
246
247
247
247
248
249
249
250
250
251
251
251
252
253
253
253
253
254
254
254
254
254
254
254
254
254
254
254
254
254
812
812
812
812
812
812
813
813
813
813
813
813
813
813
813
813
813
813
813
812
812
812
812
812
812
812
812
812
812
812
812
812
812
812
812
812
812
812
813
813
815
816
817
819
820
822
822
822
823
823
823
823
823
823
823
823
823
823
823
823
823
823
823
824
824
824
824
825
827
827
829
829
830
831
831
832
832
834
834
835
835
835
835
835
835
835
835
835
835
835
817
817
817
818
820
821
827
830
835
837
839
839
839
839
839
839
839
839
839
839
839
839
839
867
867
867
867
867
867
867
867
867
867
867
867
867
867
867
867
867
867
867
867
867
867
867
867
867
867
867
867
884
884
884
884
884
884
883
881
879
878
877
877
877
877
877
877
877
877
877
877
877
877
877
877
877
877
877
877
877
877
877
877
877
noktay
167
167
167
167
167
167
167
167
167
167
167
167
167
167
167
167
167
167
167
167
167
167
166
166
166
166
166
165
164
164
164
163
163
163
163
162
162
160
160
160
159
158
157
155
155
155
155
154
153
152
152
152
150
150
149
148
148
147
147
147
145
145
145
145
145
145
145
145
145
145
145
145
145
145
145
145
145
145
145
145
145
145
145
145
145
145
145
145
145
145
145
145
145
145
145
145
145
146
146
146
146
146
146
147
147
148
148
148
150
150
151
151
151
153
153
153
153
153
153
153
155
155
156
157
158
158
159
159
159
160
160
160
161
162
162
163
163
163
163
164
166
166
167
167
167
167
167
167
167
167
167
167
167
167
167
167
167
167
167
167
167
167
167
167
167
167
167
169
169
170
171
172
173
174
174
174
174
176
176
176
176
176
177
177
178
179
181
181
181
182
182
183
184
184
184
185
185
185
185
187
188
188
188
188
189
189
189
190
190
190
190
191
191
191
192
192
193
193
193
194
194
194
196
196
196
196
196
196
197
197
198
198
199
199
201
201
201
201
202
203
203
203
204
204
204
205
206
206
206
207
207
207
207
208
208
209
209
209
209
210
211
211
211
211
211
212
212
213
213
213
213
214
214
214
214
214
214
216
216
216
216
216
216
216
216
216
216
218
219
219
219
220
220
220
220
220
220
220
220
220
220
221
221
221
221
221
221
221
221
221
221
221
221
221
221
221
222
223
223
223
223
223
223
223
223
223
224
224
224
224
225
225
225
226
226
226
226
227
227
227
227
228
228
228
228
230
230
230
230
230
230
231
231
232
232
232
233
233
233
234
234
234
234
234
234
235
236
236
236
236
236
236
236
237
237
237
237
237
238
238
238
238
238
238
238
238
238
238
238
238
238
238
238
238
238
239
239
239
239
239
240
240
240
240
240
240
240
240
240
240
240
241
241
241
241
241
241
241
241
241
241
241
241
243
243
244
244
245
245
245
247
247
248
248
249
251
251
252
253
256
257
258
259
260
260
262
262
262
262
262
262
263
263
263
263
263
264
264
264
264
265
265
265
265
265
265
265
266
266
267
267
267
267
268
268
269
269
269
270
270
272
272
272
273
273
273
274
274
274
274
274
274
274
274
274
274
274
274
274
274
274
274
274
274
274
274
274
274
274
274
274
274
274
274
274
274
162
162
162
162
162
162
162
162
162
162
162
162
162
162
162
162
162
162
162
162
162
162
162
162
162
162
162
162
162
162
162
162
162
162
161
161
161
161
161
161
159
158
158
157
157
157
154
154
153
153
153
151
151
151
151
151
151
149
148
148
148
146
146
146
146
146
146
146
145
145
144
143
143
143
142
142
142
141
141
141
141
140
140
140
139
139
138
138
138
138
138
138
138
137
136
136
136
136
136
136
136
136
136
136
136
136
136
136
136
136
136
136
136
136
136
136
136
136
136
136
136
136
136
136
136
136
137
137
137
137
138
139
139
140
140
140
141
142
143
143
144
144
146
146
147
148
148
150
151
152
153
154
156
158
158
158
160
160
161
163
163
166
167
168
171
171
174
174
175
175
177
177
179
179
182
183
184
185
185
186
188
188
188
189
190
190
192
194
195
195
197
198
199
199
199
200
201
202
202
204
205
205
206
207
207
210
210
211
211
212
215
215
215
215
216
216
216
218
220
220
222
223
223
224
224
224
226
226
226
227
227
228
228
229
229
229
230
230
231
231
232
232
232
233
234
234
235
236
236
237
238
238
238
239
239
239
241
242
242
243
243
243
245
245
245
245
247
247
247
249
249
250
251
252
252
253
254
255
255
257
258
258
259
260
261
263
263
264
264
265
265
265
265
266
266
267
268
268
268
268
268
268
270
270
270
270
270
270
270
270
270
271
271
271
271
272
272
272
273
274
274
274
274
274
274
274
275
275
275
275
275
275
275
275
275
275
151
151
151
151
151
151
151
152
154
158
161
166
168
171
172
175
176
179
179
181
181
181
181
181
181
181
181
181
181
181
181
181
181
181
179
178
175
172
168
163
161
159
157
155
153
149
148
148
148
148
148
147
147
147
147
147
147
147
147
147
147
147
147
147
147
147
147
149
152
155
158
159
162
164
165
167
168
170
170
172
172
172
173
173
173
173
173
173
173
173
173
173
173
173
173
173
173
173
173
173
173
173
173
173
173
173
173
173
173
173
173
173
173
144
144
144
144
144
144
147
150
155
160
162
164
166
168
168
168
169
169
169
169
169
169
169
169
169
169
169
169
157
157
157
157
157
159
159
163
164
165
166
166
166
166
166
166
166
166
166
166
166
166
166
166
166
166
166
166
166
166
166
166
166
yakinlik
50
50
50
50
50
50
50
50
50
50
50
50
50
50
50
50
50
50
50
50
50
50
50
50
50
50
50
50
50
50
50
50
50
50
50
50
50
50
50
50
50
50
50
50
50
50
50
50
50
50
50
50
50
50
50
50
50
50
50
50
50
50
50
50
50
50
50
50
50
50
50
50
50
50
50
50
50
50
50
50
50
50
50
50
50
50
50
50
50
50
50
50
50
50
50
50
50
50
50
50
50
50
50
50
50
50
50
50
50
50
50
50
50
50
50
50
50
50
50
50
50
50
50
50
50
50
50
50
50
50
50
50
50
50
50
50
50
50
50
50
50
50
50
50
50
50
50
50
50
50
50
50
50
50
50
50
50
50
50
50
50
50
50
50
50
50
50
50
50
50
50
50
50
50
50
50
50
50
50
50
50
50
50
50
50
50
50
50
50
50
50
50
50
50
50
50
50
50
50
50
50
50
50
50
50
50
50
50
50
50
50
50
50
50
50
50
50
50
50
50
50
50
50
50
50
50
50
50
50
50
50
50
50
50
50
50
50
50
50
50
50
50
50
50
50
50
50
50
50
50
50
50
50
50
50
50
50
50
50
50
50
50
50
50
50
50
50
50
50
50
50
50
50
50
50
50
50
50
50
50
50
50
50
50
50
50
50
50
50
50
50
50
50
50
50
50
50
50
50
50
50
50
50
50
50
50
50
50
50
50
50
50
50
50
50
50
50
50
50
50
50
50
50
50
50
50
50
50
50
50
50
50
50
50
50
50
50
50
50
50
50
50
50
50
50
50
50
50
50
50
50
50
50
50
50
50
50
50
50
50
50
50
50
50
50
50
50
50
50
50
50
50
50
50
50
50
50
50
50
50
50
50
50
50
50
50
50
50
50
50
50
50
50
50
50
50
50
50
50
50
50
50
50
50
50
50
50
50
50
50
50
50
50
50
50
50
50
50
50
50
50
50
50
50
50
50
50
50
50
50
50
50
50
50
50
50
50
50
50
50
50
50
50
50
50
50
50
50
50
50
50
50
50
50
50
50
50
50
50
50
50
50
50
50
50
50
50
50
50
50
50
50
50
50
50
50
50
50
50
50
50
50
50
50
50
50
50
50
50
50
50
50
50
50
50
50
50
50
50
50
50
50
50
50
50
50
50
50
50
50
50
50
50
50
50
50
50
50
50
50
50
50
50
50
50
50
50
50
50
50
50
50
50
50
50
50
50
50
50
50
50
50
50
50
50
50
50
50
50
50
50
50
50
50
50
50
50
50
50
50
50
50
50
50
50
50
50
50
50
50
50
50
50
50
50
50
50
50
50
50
50
50
50
50
50
50
50
50
50
50
50
50
50
50
50
50
50
50
50
50
50
50
50
50
50
50
50
50
50
50
50
50
50
50
50
50
50
50
50
50
50
50
50
50
50
50
50
50
50
50
50
50
50
50
50
50
50
50
50
50
50
50
50
50
50
50
50
50
50
50
50
50
50
50
50
50
50
50
50
50
50
50
50
50
50
50
50
50
50
50
50
50
50
50
50
50
50
50
50
50
50
50
50
50
50
50
50
50
50
50
50
50
50
50
50
50
50
50
50
50
50
50
50
50
50
50
50
50
50
50
50
50
50
50
50
50
50
50
50
50
50
50
50
50
50
50
50
50
50
50
50
50
50
50
50
50
50
50
50
50
50
50
50
50
50
50
50
50
50
50
50
50
50
50
50
50
50
50
50
50
50
50
50
50
50
50
50
50
50
50
50
50
50
50
50
50
50
50
50
50
50
50
50
50
50
50
50
50
50
50
50
50
50
50
50
50
50
50
50
50
50
50
50
50
50
50
50
50
50
50
50
50
50
50
50
50
50
50
50
50
50
50
50
50
50
50
50
50
50
50
50
50
50
50
50
50
50
50
50
50
50
50
50
50
50
50
50
50
50
50
50
50
50
50
50
50
50
50
50
50
50
50
50
50
50
50
50
50
50
50
50
50
50
50
50
50
50
50
50
50
50
50
50
50
50
50
50
50
50
50
50
50
50
50
50
50
50
50
50
50
50
50
50
50
50
50
50
50
50
50
50
50
50
50
50
50
50
50
50
50
50
50
50
50
50
50
50
50
50
50
50
50
50
50
50
50
50
50
50
50
50
50
50
50
50
50
50
50
50
50
50
50
50
50
50
50
50
50
50
50
50
50
50
50
50
50
50
50
50
50
50
50
50
50
50
50
50
50
50
50
50
50
50
50
50
50
50
50
50
50
50
50
50
50
50
50
50
50
50
50
50
50
50
50
50
50
50
50
50
50
50
50
50
50
50
50
50
50
50
50
50
50
50
50
50
50
renk
2
2
2
2
2
2
2
2
2
2
2
2
2
2
2
2
2
2
2
2
2
2
2
2
2
2
2
2
2
2
2
2
2
2
2
2
2
2
2
2
2
2
2
2
2
2
2
2
2
2
2
2
2
2
2
2
2
2
2
2
2
2
2
2
2
2
2
2
2
2
2
2
2
2
2
2
2
2
2
2
2
2
2
2
2
2
2
2
2
2
2
2
2
2
2
2
2
2
2
2
2
2
2
2
2
2
2
2
2
2
2
2
2
2
2
2
2
2
2
2
2
2
2
2
2
2
2
2
2
2
2
2
2
2
2
2
2
2
2
2
2
2
2
2
2
2
2
2
2
2
2
2
2
2
2
2
2
2
2
2
2
2
2
2
2
2
2
2
2
2
2
2
2
2
2
2
2
2
2
2
2
2
2
2
2
2
2
2
2
2
2
2
2
2
2
2
2
2
2
2
2
2
2
2
2
2
2
2
2
2
2
2
2
2
2
2
2
2
2
2
2
2
2
2
2
2
2
2
2
2
2
2
2
2
2
2
2
2
2
2
2
2
2
2
2
2
2
2
2
2
2
2
2
2
2
2
2
2
2
2
2
2
2
2
2
2
2
2
2
2
2
2
2
2
2
2
2
2
2
2
2
2
2
2
2
2
2
2
2
2
2
2
2
2
2
2
2
2
2
2
2
2
2
2
2
2
2
2
2
2
2
2
2
2
2
2
2
2
2
2
2
2
2
2
2
2
2
2
2
2
2
2
2
2
2
2
2
2
2
2
2
2
2
2
2
2
2
2
2
2
2
2
2
2
2
2
2
2
2
2
2
2
2
2
2
2
2
2
2
2
2
2
2
2
2
2
2
2
2
2
2
2
2
2
2
2
2
2
2
2
2
2
2
2
2
2
2
2
2
2
2
2
2
2
2
2
2
2
2
2
2
2
2
2
2
2
2
2
2
2
2
2
2
2
2
2
2
2
2
2
2
2
2
2
2
2
2
2
2
2
2
2
2
2
2
2
2
2
2
2
2
2
2
2
2
2
2
2
2
2
2
2
2
2
2
2
2
2
2
2
2
2
2
2
2
2
2
2
2
2
2
2
2
2
2
2
2
2
2
2
2
2
2
2
2
2
2
2
2
2
2
2
2
2
2
2
2
2
2
2
2
2
2
2
2
2
2
2
2
2
2
2
2
2
2
2
2
2
2
2
2
2
2
2
2
2
2
2
2
2
2
2
2
2
2
2
2
2
2
2
2
2
2
2
2
2
2
2
2
2
2
2
2
2
2
2
2
2
2
2
2
2
2
2
2
2
2
2
2
2
2
2
2
2
2
2
2
2
2
2
2
2
2
2
2
2
2
2
2
2
2
2
2
2
2
2
2
2
2
2
2
2
2
2
2
2
2
2
2
2
2
2
2
2
2
2
2
2
2
2
2
2
2
2
2
2
2
2
2
2
2
2
2
2
2
2
2
2
2
2
2
2
2
2
2
2
2
2
2
2
2
2
2
2
2
2
2
2
2
2
2
2
2
2
2
2
2
2
2
2
2
2
2
2
2
2
2
2
2
2
2
2
2
2
2
2
2
2
2
2
2
2
2
2
2
2
2
2
2
2
2
2
2
2
2
2
2
2
2
2
2
2
2
2
2
2
2
2
2
2
2
2
2
2
2
2
2
2
2
2
2
2
2
2
2
2
2
2
2
2
2
2
2
2
2
2
2
2
2
2
2
2
2
2
2
2
2
2
2
2
2
2
2
2
2
2
2
2
2
2
2
2
2
2
2
2
2
2
2
2
2
2
2
2
2
2
2
2
2
2
2
2
2
2
2
2
2
2
2
2
2
2
2
2
2
2
2
2
2
2
2
2
2
2
2
2
2
2
2
2
2
2
2
2
2
2
2
2
2
2
2
2
2
2
2
2
2
2
2
2
2
2
4
4
4
4
4
4
4
4
4
4
4
4
4
4
4
4
4
4
4
4
4
4
4
4
4
4
4
4
4
4
4
4
4
4
4
4
4
4
4
4
4
4
4
4
4
4
4
4
4
4
4
4
4
4
4
4
4
4
4
4
4
4
4
4
4
4
4
4
4
4
4
4
4
4
4
4
4
4
4
4
4
4
4
4
4
4
4
4
4
4
4
4
4
4
4
4
4
4
4
4
4
4
4
4
4
4
4
4
4
4
4
4
4
4
4
4
4
4
4
4
4
4
4
4
4
4
4
4
4
4
4
4
4
4
4
4
4
4
4
4
4
4
4
4
4
4
4
4
4
4
4
4
4
4
4
4
4
4
4
4
4
4
4
4
4
4
4
4
4
4
4
4
4
4
